0175011350007114588220170915000000001402373030036
074600000361859101750113530072967643000958794600000000
074600000340233501750113560072967650000756810500000000
074600000391921001750113510072967644001598204500000000
074600000373790901750113580072967632000368285000000000
074600000369649101750113560072967633001097108800000000
074600000547562101750113510072967636001612217300000000
074600000390921001750113540072967634001815544800000000
074600000390995401750113560072967695000325159400000000
074600000390995401750113580072967646000479458300000000
074600000370649101750113590072967637001713518500000000
074600000369649101750113520072967635001480167800000000
074600000291421601750113540072967648000749882800000000
074600000369649101750113570072967638000752633400000000
074600000370649101750113560072967647001766574400000000
074600000370649101750113510073479690001447903900000000
074600000390921001750113540072967617001514195200000000
074600000390995401750113520072967618000756916300000000
074600000367649101750113510072967619000947127600000000
074600000371790901750113590072967623000950106700000000
074600000368649101750113530072967626001447999100000000
074600000369649101750113510072967627000749991500000000
074600000370649101750113580072967629000752964500000000
074600000386853601750113500072967628001008529500000000
074600000369649101750113510072967622000980616400000000
074600000390921001750113520072967621000795971600000000
074600000370649101750113580072967694001749974300000000
074600000370649101750475470073184113002055382000000000
074600000396300501750113540073479685000382996000000000
074600000370649101750113510073775283002079556600000000
074600000374790901750113520072967652000339268200000000
074600000410861901750113550072967639000861483300000000
074600000400619301750113510072967653001096752500000000
074600000369649101750113550072967642001320450700000000
074600000369649101750113540072967651001519033600000000
074600000562862701750451790075893874001061057100000000
074600000548727501750113540076255683001844896700000000