0175011350007114588220180131000000006926008430034
074600003173087301750113540072967682001177015500000000
074600002375135101750113570072967655001096550800000000
074600001986430401750113510072967661001844750700000000
074600001575913901750475460060639839002115579200000000
074600001841736001750113500072967662008456293500000000
074600001125760801750113560073479670002459683000000000
074600003854219101750113540072967679001480165400000000
074600001399075301750113550072967706002260675500000000
074600002080013701750113590072967668001514156800000000
074600003561573301750113560072967664000479403800000000
074600003544073301750113540072967665001096508100000000
074600001989338401750113550072967625001176555600000000
074600002531092201750113550072967656001096723300000000
074600001806735101750113570072967624001564428200000000
074600001498993001750113500072967659000757273900000000
074600003407465201750113510072967667001514159200000000
074600002237782001750113530072967660002358673400000000
074600001757080601750514980073281059002055341400000000
074600001889313801750113520072967649001249522200000000
074600003367077901750113520072967666001070796500000000
074600001768126501750113520072967683001177145300000000
074600001913313801750113510072967675001097032400000000
074600001110765401750475470075850240002470517300000000
074600001735478901750113520010006601001177128000000000
074600001042204801750475450075733677002385146500000000
074600001495992901750113550072967690002352559300000000
074600001503230801750475400075897208002470302300000000
074600001045204801750113570076136909002470388900000000
074600001042204801750113530076144303001480165500000000
074600001503230801750451750076417187002115823900000000
074600001186149701750451750076417190001994448900000000
074600001045204801750451780076417194002089142700000000
074600003519519301750113550071200018001422712600000000
074600002347560601750451710076417225001180181700000000