0175011350007114588220180110000000001744335480035
074600000341309901750113530072967643000958794600000000
074600000534490001750113560072967650000756810500000000
074600000370809901750113510072967644001598204500000000
074600000353049001750113580072967632000368285000000000
074600000350189701750113560072967633001097108800000000
074600000734959801750113510072967636001612217300000000
074600000370934901750113540072967634001815544800000000
074600000374753501750113560072967695000325159400000000
074600000374753501750113580072967646000479458300000000
074600000351988501750113590072967637001713518500000000
074600000350988501750113520072967635001480167800000000
074600000272761001750113540072967648000749882800000000
074600000351254701750113570072967638000752633400000000
074600000352254701750113560072967647001766574400000000
074600000352569801750113510073479690001447903900000000
074600000738396701750113540072967617001514195200000000
074600000375818501750113520072967618000756916300000000
074600000695707101750113510072967619000947127600000000
074600000703399101750113590072967623000950106700000000
074600000553905301750113530072967626001447999100000000
074600000697223301750113510072967627000749991500000000
074600000699239601750113580072967629000752964500000000
074600000371943001750113500072967628001008529500000000
074600000949047301750113510072967622000980616400000000
074600000739241301750113520072967621000795971600000000
074600000699772101750113580072967694001749974300000000
074600000699554601750475470073184113002055382000000000
074600000378285201750113540073479685000382996000000000
074600000354532701750113520072967652000339268200000000
074600000541387001750113550072967639000861483300000000
074600000502480501750113510072967653001096752500000000
074600000350988501750113550072967642001320450700000000
074600000352613801750113540072967651001519033600000000
074600000545799601750451790075893874001061057100000000
074600000656952201750113540076255683001844896700000000