0175011350007114588220170915000000004661100300033
074600002299715801750113540072967682001177015500000000
074600001705953501750113570072967655001096550800000000
074600001369603801750113510072967661001844750700000000
074600001101900001750475460060639839002115579200000000
074600001337591501750113500072967662008456293500000000
074600000779802301750113560073479670002459683000000000
074600002802994701750113540072967679001480165400000000
074600000985973801750113550072967706002260675500000000
074600001514954801750113590072967668001514156800000000
074600002578711201750113560072967664000479403800000000
074600002501434401750113540072967665001096508100000000
074600001381685201750113550072967625001176555600000000
074600001713912001750113550072967656001096723300000000
074600001316393201750113570072967624001564428200000000
074600001091859001750113500072967659000757273900000000
074600002389157701750113510072967667001514159200000000
074600001683391601750113530072967660002358673400000000
074600001263566701750514980073281059002055341400000000
074600001369603801750113520072967649001249522200000000
074600002455629401750113520072967666001070796500000000
074600001425122301750113590072967671001717747700000000
074600001271196001750113520072967683001177145300000000
074600001374603801750113510072967675001097032400000000
074600000687458301750475450075693830002079779700000000
074600000794937401750475470075850240002470517300000000
074600001270206001750113520010006601001177128000000000
074600000770791601750475450075733677002385146500000000
074600001091859001750113550072967690002352559300000000
074600001097010901750475400075897208002470302300000000
074600000871608501750475440075813604002367544800000000
074600000770791601750113570076136909002470388900000000
074600000770791601750113530076144303001480165500000000
074600000770791601750113560076136966002367594600000000