0175011350007114588220170915000000002742882730034
074600001480156301750113520072967697001751839200000000
074600001130204101750113540072967682001177015500000000
074600000737393401750113570072967655001096550800000000
074600000717239601750113510072967661001844750700000000
074600000560572901750475460060639839002115579200000000
074600000722239601750113500072967662008456293500000000
074600000553080401750113560073479670002459683000000000
074600001461537501750113540072967679001480165400000000
074600000722239601750113550072967706002260675500000000
074600000810112501750113590072967668001514156800000000
074600000818010001750475400075648021002621830200000000
074600001137284101750113560072967664000479403800000000
074600001119784101750113540072967665001096508100000000
074600000719060901750113550072967625001176555600000000
074600000774198101750113550072967656001096723300000000
074600000795112501750113570072967624001564428200000000
074600000646399901750113500072967659000757273900000000
074600001127284101750113510072967667001514159200000000
074600000702810101750113530072967660002358673400000000
074600000722239601750514980073281059002055341400000000
074600000672816501750113510072967658002055020400000000
074600000736208901750113520072967649001249522200000000
074600001122836601750113520072967666001070796500000000
074600000722239601750113510072967670001559355000000000
074600000717239601750113590072967671001717747700000000
074600000646399901750113520072967683001177145300000000
074600000722239601750113510072967675001097032400000000
074600000568066601750475450075693830002079779700000000
074600000571400701750475470075850240002470517300000000
074600000791143401750113520010006601001177128000000000
074600000660884401750475450075733677002385146500000000
074600000589492201750113550072967690002352559300000000
074600000722239601750475400075897208002470302300000000
074600000728660401750475440075813604002367544800000000