0175011350007114588220170915000000002179883970036
074600000736331501750113530072967643000958794600000000
074600000536403101750113560072967650000756810500000000
074600000695747901750113510072967644001598204500000000
074600000731843701750113580072967632000368285000000000
074600000656985501750113560072967633001097108800000000
074600000584779801750113510072967636001612217300000000
074600000694748001750113540072967634001815544800000000
074600000765269701750113560072967695000325159400000000
074600000765269701750113580072967646000479458300000000
074600000557769101750113590072967637001713518500000000
074600000556769101750113520072967635001480167800000000
074600000478541601750113540072967648000749882800000000
074600000523363501750113570072967638000752633400000000
074600000524363501750113560072967647001766574400000000
074600000390741401750113510073479690001447903900000000
074600000787938401750113540072967617001514195200000000
074600000624328801750113520072967618000756916300000000
074600000621580201750113510072967619000947127600000000
074600000628562201750113590072967623000950106700000000
074600000587577101750113530072967626001447999100000000
074600000590174601750113510072967627000749991500000000
074600000557769101750113580072967629000752964500000000
074600000582821701750113500072967628001008529500000000
074600000521366601750113510072967622000980616400000000
074600000681970201750113520072967621000795971600000000
074600000490958101750113580072967694001749974300000000
074600000545684901750475470073184113002055382000000000
074600000453619401750113540073479685000382996000000000
074600000545684901750113510073775283002079556600000000
074600000766604101750113520072967652000339268200000000
074600000854299401750113550072967639000861483300000000
074600000697336301750113510072967653001096752500000000
074600000556769101750113550072967642001320450700000000
074600000556769101750113540072967651001519033600000000
074600000398548801750451790075893874001061057100000000
074600000549549601750113540076255683001844896700000000