0175011350007114588220170915000000002701243890036
074600000762028101750113530072967643000958794600000000
074600000327094901750113560072967650000756810500000000
074600000929859201750113510072967644001598204500000000
074600000918442301750113580072967632000368285000000000
074600000816454301750113560072967633001097108800000000
074600000787090001750113510072967636001612217300000000
074600000791090001750113540072967634001815544800000000
074600000378569901750113560072967695000325159400000000
074600000378569901750113580072967646000479458300000000
074600000817454301750113590072967637001713518500000000
074600000816454301750113520072967635001480167800000000
074600000738226801750113540072967648000749882800000000
074600000816454301750113570072967638000752633400000000
074600000817454301750113560072967647001766574400000000
074600000909300501750113510073479690001447903900000000
074600000791090001750113540072967617001514195200000000
074600000378569901750113520072967618000756916300000000
074600000814454301750113510072967619000947127600000000
074600000823596101750113590072967623000950106700000000
074600000356223601750113530072967626001447999100000000
074600000908300501750113510072967627000749991500000000
074600000480685001750113580072967629000752964500000000
074600000374428101750113500072967628001008529500000000
074600000816454301750113510072967622000980616400000000
074600000791090001750113520072967621000795971600000000
074600000817454301750113580072967694001749974300000000
074600000909300501750475470073184113002055382000000000
074600000800969501750113540073479685000382996000000000
074600000817454301750113510073775283002079556600000000
074600000826596101750113520072967652000339268200000000
074600001097213601750113550072967639000861483300000000
074600001067803601750113510072967653001096752500000000
074600000816454301750113550072967642001320450700000000
074600000357223601750113540072967651001519033600000000
074600000992679401750451790075893874001061057100000000
074600000969854801750113540076255683001844896700000000