0175011350007114588220170915000000004543806610033
074600001816372101750113540072967682001177015500000000
074600001323827901750113570072967655001096550800000000
074600001283244301750113510072967661001844750700000000
074600001126577601750475460060639839002115579200000000
074600001288244301750113500072967662008456293500000000
074600001119085101750113560073479670002459683000000000
074600002246784501750113540072967679001480165400000000
074600001288244301750113550072967706002260675500000000
074600001515347101750113590072967668001514156800000000
074600001826372101750113560072967664000479403800000000
074600001808872101750113540072967665001096508100000000
074600001305495401750113550072967625001176555600000000
074600001005391201750113550072967656001096723300000000
074600001500347101750113570072967624001564428200000000
074600000765791601750113500072967659000757273900000000
074600001816372101750113510072967667001514159200000000
074600001738038801750113530072967660002358673400000000
074600001288244301750514980073281059002055341400000000
074600001421013601750113520072967649001249522200000000
074600001930724601750113520072967666001070796500000000
074600001283244301750113590072967671001717747700000000
074600001225022401750113520072967683001177145300000000
074600001288244301750113510072967675001097032400000000
074600001146689101750475450075693830002079779700000000
074600001214241101750475470075850240002470517300000000
074600001377577901750113520010006601001177128000000000
074600001321868501750475450075733677002385146500000000
074600000765791601750113550072967690002352559300000000
074600001288244301750475400075897208002470302300000000
074600001330839201750475440075813604002367544800000000
074600001230022401750113570076136909002470388900000000
074600001321868501750113530076144303001480165500000000
074600001230022401750113560076136966002367594600000000