0175011350007114588220170915000000001318527980037
074600000256255601750113530072967643000958794600000000
074600000391160901750113560072967650000756810500000000
074600000286317501750113510072967644001598204500000000
074600000272963501750113580072967632000368285000000000
074600000269777501750113560072967633001097108800000000
074600000437182501750113590072967699001447928900000000
074600000462494401750113510072967636001612217300000000
074600000285317501750113540072967634001815544800000000
074600000289506301750113560072967695000325159400000000
074600000272963501750113580072967646000479458300000000
074600000270777501750113590072967637001713518500000000
074600000269777501750113520072967635001480167800000000
074600000191550001750113540072967648000749882800000000
074600000269777501750113570072967638000752633400000000
074600000270777501750113560072967647001766574400000000
074600000270777501750113510073479690001447903900000000
074600000466494401750113540072967617001514195200000000
074600000289506301750113520072967618000756916300000000
074600000439120901750113510072967619000947127600000000
074600000444082001750113590072967623000950106700000000
074600000416812201750113530072967626001447999100000000
074600000441120901750113510072967627000749991500000000
074600000442120901750113580072967629000752964500000000
074600000286320301750113500072967628001008529500000000
074600000626164401750113510072967622000980616400000000
074600000466494401750113520072967621000795971600000000
074600000442120901750113580072967694001749974300000000
074600000442120901750475470073184113002055382000000000
074600000472740201750113540073479685000382996000000000
074600000442120901750113510073775283002079556600000000
074600000273963501750113520072967652000339268200000000
074600000386197801750113550072967639000861483300000000
074600000411825901750113510072967653001096752500000000
074600000269777501750113550072967642001320450700000000
074600000269777501750113540072967651001519033600000000
074600000294935901750451790075893874001061057100000000
074600000394085401750113540076255683001844896700000000