0175011350007114588220171222000000002249169960035
074600000732956401750113530072967643000958794600000000
074600000534490601750113560072967650000756810500000000
074600000691247901750113510072967644001598204500000000
074600000727343701750113580072967632000368285000000000
074600000653235501750113560072967633001097108800000000
074600000742046201750113510072967636001612217300000000
074600000691372901750113540072967634001815544800000000
074600000765269701750113560072967695000325159400000000
074600000765269701750113580072967646000479458300000000
074600000554019101750113590072967637001713518500000000
074600000553019101750113520072967635001480167800000000
074600000474791601750113540072967648000749882800000000
074600000519613501750113570072967638000752633400000000
074600000520613501750113560072967647001766574400000000
074600000386241401750113510073479690001447903900000000
074600000816691501750113540072967617001514195200000000
074600000624328801750113520072967618000756916300000000
074600000769752601750113510072967619000947127600000000
074600000778287701750113590072967623000950106700000000
074600000587577101750113530072967626001447999100000000
074600000737597101750113510072967627000749991500000000
074600000705941501750113580072967629000752964500000000
074600000582821701750113500072967628001008529500000000
074600000669539101750113510072967622000980616400000000
074600000710723501750113520072967621000795971600000000
074600000639130501750113580072967694001749974300000000
074600000571569401750475470073184113002055382000000000
074600000450244501750113540073479685000382996000000000
074600000762854101750113520072967652000339268200000000
074600000878104801750113550072967639000861483300000000
074600000747583001750113510072967653001096752500000000
074600000553019101750113550072967642001320450700000000
074600000554644101750113540072967651001519033600000000
074600000531664401750451790075893874001061057100000000
074600000508094301750113540076255683001844896700000000