0175011350007114588220170915000000001388608560038
074600000395027601750113530072967643000958794600000000
074600000306931301750113560072967650000756810500000000
074600000411795301750113510072967644001598204500000000
074600000297300201750113500072967645000728975400000000
074600000405568801750113580072967632000368285000000000
074600000388444801750113560072967633001097108800000000
074600000301718701750113590072967699001447928900000000
074600000366913001750113510072967636001612217300000000
074600000388444801750113540072967634001815544800000000
074600000424474901750113560072967695000325159400000000
074600000405568801750113580072967646000479458300000000
074600000351727101750113590072967637001713518500000000
074600000350727101750113520072967635001480167800000000
074600000272499601750113540072967648000749882800000000
074600000338154501750113570072967638000752633400000000
074600000339154501750113560072967647001766574400000000
074600000288864201750113510073479690001447903900000000
074600000397501201750113540072967617001514195200000000
074600000384646101750113520072967618000756916300000000
074600000373872301750113510072967619000947127600000000
074600000378150701750113590072967623000950106700000000
074600000362299801750113530072967626001447999100000000
074600000363299801750113510072967627000749991500000000
074600000339154501750113580072967629000752964500000000
074600000354224701750113500072967628001008529500000000
074600000338154501750113510072967622000980616400000000
074600000357618801750113520072967621000795971600000000
074600000326582001750113580072967694001749974300000000
074600000301436901750475470073184113002055382000000000
074600000322394301750113540073479685000382996000000000
074600000288864201750113510073775283002079556600000000
074600000406568801750113520072967652000339268200000000
074600000651892801750113550072967639000861483300000000
074600000361299801750113510072967653001096752500000000
074600000462280001750113570072967641001177001600000000
074600000350727101750113550072967642001320450700000000
074600000338154501750113540072967651001519033600000000
074600000393647601750451790075893874001061057100000000