017501135000711458822018021000000002102921700036
074600000575168401750113540072967617001514195200000000
074600000575168401750113530072967643000958794600000000
074600000575168401750113560072967650000756810500000000
074600000575168401750113510072967644001598204500000000
074600000549749401750113580072967632000368285000000000
074600000543950801750113560072967633001097108800000000
074600000575168401750113510072967636001612217300000000
074600000575168401750113540072967634001815544800000000
074600000579857301750113560072967695000325159400000000
074600000579857301750113580072967646000479458300000000
074600000543950801750113590072967637001713518500000000
074600000543950801750113520072967635001480167800000000
074600000543950801750113540072967648000749882800000000
074600000543950801750113570072967638000752633400000000
074600000543950801750113560072967647001766574400000000
074600000543950801750113510073479690001447903900000000
074600000579857301750113520072967618000756916300000000
074600000543950801750113510072967619000947127600000000
074600000549749401750113590072967623000950106700000000
074600000543950801750113530072967626001447999100000000
074600000543950801750113580072967629000752964500000000
074600000574058701750113500072967628001008529500000000
074600000543950801750113510072967622000980616400000000
074600000575168401750113520072967621000795971600000000
074600000543950801750113580072967694001749974300000000
074600000543950801750475470073184113002055382000000000
074600000581299801750113540073479685000382996000000000
074600000549749401750113520072967652000339268200000000
074600000811450201750113550072967639000861483300000000
074600000772256601750113510072967653001096752500000000
074600000543950801750113550072967642001320450700000000
074600000543950801750113540072967651001519033600000000
074600000791877701750451790075893874001061057100000000
074600000759240801750113540076255683001844896700000000
074600000589603901750451780076417096002025394000000000
074600000575168401750451710076417203001480142700000000