0175011350007114588220180116000000004675073450033
074600002307609601750113540072967682001177015500000000
074600001712194301750113570072967655001096550800000000
074600001371014201750113510072967661001844750700000000
074600001101497001750475460060639839002115579200000000
074600001338397401750113500072967662008456293500000000
074600000774261301750113560073479670002459683000000000
074600002812078501750113540072967679001480165400000000
074600000981037201750113550072967706002260675500000000
074600001514942001750113590072967668001514156800000000
074600002590998201750113560072967664000479403800000000
074600002512745101750113540072967665001096508100000000
074600001432929501750113550072967625001176555600000000
074600001806487001750113550072967656001096723300000000
074600001313389001750113570072967624001564428200000000
074600001089684201750113500072967659000757273900000000
074600002399492201750113510072967667001514159200000000
074600001682499101750113530072967660002358673400000000
074600001263163701750514980073281059002055341400000000
074600001373764201750113520072967649001249522200000000
074600002464202001750113520072967666001070796500000000
074600001427439401750113590072967671001717747700000000
074600001271950101750113520072967683001177145300000000
074600001376014201750113510072967675001097032400000000
074600000679958301750475450075693830002079779700000000
074600000788187401750475470075850240002470517300000000
074600001268452501750113520010006601001177128000000000
074600000761791601750475450075733677002385146500000000
074600001088184201750113550072967690002352559300000000
074600001093887801750475400075897208002470302300000000
074600000864108501750475440075813604002367544800000000
074600000763291601750113570076136909002470388900000000
074600000761791601750113530076144303001480165500000000
074600000763291601750113560076136966002367594600000000