0175011350007114588220170816000000002463250420038
074600001407890801750113520072967697001751839200000000
074600001100661001750113540072967682001177015500000000
074600000797094901750113570072967655001096550800000000
074600000680887401750113510072967661001844750700000000
074600000662999901750475460060639839002115579200000000
074600000685887401750113500072967662008456293500000000
074600000502399401750113560073479670002459683000000000
074600001437314301750113540072967679001480165400000000
074600000512593201750113550072967706002260675500000000
074600000767156201750113590072967668001514156800000000
074600000484140801750475400075648021002621830200000000
074600001190058201750113560072967664000479403800000000
074600001172558201750113540072967665001096508100000000
074600000593575401750113550072967625001176555600000000
074600000845106901750113550072967656001096723300000000
074600000617340601750113570072967624001564428200000000
074600000509441201750113500072967659000757273900000000
074600001120058201750113510072967667001514159200000000
074600000593636601750113530072967660002358673400000000
074600000655306101750514980073281059002055341400000000
074600000724662601750113510072967658002055020400000000
074600000691081201750113520072967649001249522200000000
074600001137667801750113520072967666001070796500000000
074600000706274901750113510072967670001559355000000000
074600000691081201750113590072967671001717747700000000
074600000626186401750113520072967683001177145300000000
074600000685887401750113510072967675001097032400000000
074600000424637201750475450075693830002079779700000000
074600000424637201750475470075850240002470517300000000
074600000699748401750113520010006601001177128000000000
074600000424637201750475450075733677002385146500000000
074600000455558801750113550072967690002352559300000000
074600000604337201750475400075897208002470302300000000