0175011350007114588220180116000000004681122950033
074600001808478301750113540072967682001177015500000000
074600001317587201750113570072967655001096550800000000
074600001281833901750113510072967661001844750700000000
074600001126980701750475460060639839002115579200000000
074600001287438401750113500072967662008456293500000000
074600001124626201750113560073479670002459683000000000
074600002237700601750113540072967679001480165400000000
074600001293180901750113550072967706002260675500000000
074600001515347101750113590072967668001514156800000000
074600001814085201750113560072967664000479403800000000
074600001797561401750113540072967665001096508100000000
074600001554251101750113550072967625001176555600000000
074600001073317101750113550072967656001096723300000000
074600001503351401750113570072967624001564428200000000
074600001227197201750113500072967659000757273900000000
074600001806037701750113510072967667001514159200000000
074600001738931301750113530072967660002358673400000000
074600001288647401750514980073281059002055341400000000
074600001456853201750113520072967649001249522200000000
074600001922152101750113520072967666001070796500000000
074600001280927201750113590072967671001717747700000000
074600001224268301750113520072967683001177145300000000
074600001286833901750113510072967675001097032400000000
074600001154189101750475450075693830002079779700000000
074600001214995101750475470075850240002470517300000000
074600001379331501750113520010006601001177128000000000
074600001330868501750475450075733677002385146500000000
074600001320543301750113550072967690002352559300000000
074600001291367501750475400075897208002470302300000000
074600001346433401750475440075813604002367544800000000
074600001237522401750113570076136909002470388900000000
074600001330868501750113530076144303001480165500000000
074600001237522401750113560076136966002367594600000000