0175011350007114588220180111000000002024943600035
074600000531793801750113530072967643000958794600000000
074600000509774101750113560072967650000756810500000000
074600000561519001750113510072967644001598204500000000
074600000535324301750113580072967632000368285000000000
074600000530547901750113560072967633001097108800000000
074600000558826501750113510072967636001612217300000000
074600000561644001750113540072967634001815544800000000
074600000572390101750113560072967695000325159400000000
074600000539824301750113580072967646000479458300000000
074600000532666201750113590072967637001713518500000000
074600000531666201750113520072967635001480167800000000
074600000453438701750113540072967648000749882800000000
074600000531666201750113570072967638000752633400000000
074600000533039001750113560072967647001766574400000000
074600000533407301750113510073479690001447903900000000
074600000561644001750113540072967617001514195200000000
074600000573881201750113520072967618000756916300000000
074600000558547901750113510072967619000947127600000000
074600000564819801750113590072967623000950106700000000
074600000528056901750113530072967626001447999100000000
074600000530543501750113510072967627000749991500000000
074600000532666201750113580072967629000752964500000000
074600000567982001750113500072967628001008529500000000
074600000529243301750113510072967622000980616400000000
074600000563220701750113520072967621000795971600000000
074600000533411801750113580072967694001749974300000000
074600000533407301750475470073184113002055382000000000
074600000572035001750113540073479685000382996000000000
074600000536701501750113520072967652000339268200000000
074600000622675801750113550072967639000861483300000000
074600001120602401750113510072967653001096752500000000
074600000531666201750113550072967642001320450700000000
074600000531666201750113540072967651001519033600000000
074600000810806201750451790075893874001061057100000000
074600000928330501750113540076255683001844896700000000