0175011350007114588220170915000000004479222310035
074600002295298201750113520072967697001751839200000000
074600001952423601750113540072967682001177015500000000
074600001492827001750113570072967655001096550800000000
074600001250243401750113510072967661001844750700000000
074600001009558401750475460060639839002115579200000000
074600001227237301750113500072967662008456293500000000
074600000632683601750113560073479670002459683000000000
074600002335367801750113540072967679001480165400000000
074600000961179601750113550072967706002260675500000000
074600001455190201750113590072967668001514156800000000
074600000884893001750475400075648021002621830200000000
074600002165963701750113560072967664000479403800000000
074600002103232501750113540072967665001096508100000000
074600001243001601750113550072967625001176555600000000
074600001476777401750113550072967656001096723300000000
074600001301294701750113570072967624001564428200000000
074600001049538901750113500072967659000757273900000000
074600002005501501750113510072967667001514159200000000
074600001041556601750113530072967660002358673400000000
074600001143219201750514980073281059002055341400000000
074600001344051101750113520072967649001249522200000000
074600002158508101750113520072967666001070796500000000
074600001292252501750113590072967671001717747700000000
074600001185237601750113520072967683001177145300000000
074600001227237301750113510072967675001097032400000000
074600000724481001750475450075693830002079779700000000
074600000727815101750475470075850240002470517300000000
074600001176188501750113520010006601001177128000000000
074600000892241201750475450075733677002385146500000000
074600000824400401750113550072967690002352559300000000
074600001045197801750475400075897208002470302300000000
074600000884893001750475440075813604002367544800000000
074600000807814301750113570076136909002470388900000000
074600000892241201750113530076144303001480165500000000
074600000582675801750113560076136966002367594600000000