0175011350007114588220170915000000000949889550038
074600000225537901750113530072967643000958794600000000
074600000204412301750113560072967650000756810500000000
074600000275069101750113510072967644001598204500000000
074600000177326301750113500072967645000728975400000000
074600000265719401750113580072967632000368285000000000
074600000196351401750113560072967633001097108800000000
074600000225787901750113590072967699001447928900000000
074600000251099801750113510072967636001612217300000000
074600000253259001750113540072967634001815544800000000
074600000208080101750113560072967695000325159400000000
074600000198627101750113580072967646000479458300000000
074600000254259001750113590072967637001713518500000000
074600000253259001750113520072967635001480167800000000
074600000175031501750113540072967648000749882800000000
074600000253259001750113570072967638000752633400000000
074600000254259001750113560072967647001766574400000000
074600000263743701750113510073479690001447903900000000
074600000255100501750113540072967617001514195200000000
074600000208080101750113520072967618000756916300000000
074600000251259001750113510072967619000947127600000000
074600000254134701750113590072967623000950106700000000
074600000195351401750113530072967626001447999100000000
074600000262243701750113510072967627000749991500000000
074600000254259001750113580072967629000752964500000000
074600000205804401750113500072967628001008529500000000
074600000249259001750113510072967622000980616400000000
074600000255100501750113520072967621000795971600000000
074600000254259001750113580072967694001749974300000000
074600000263743701750475470073184113002055382000000000
074600000259006101750113540073479685000382996000000000
074600000254259001750113510073775283002079556600000000
074600000257134701750113520072967652000339268200000000
074600000358634201750113550072967639000861483300000000
074600000194351401750113510072967653001096752500000000
074600000483216901750113570072967641001177001600000000
074600000252259001750113550072967642001320450700000000
074600000253259001750113540072967651001519033600000000
074600000343098701750451790075893874001061057100000000