0175011350007114588220180115000000003834022170034
074600002060761601750113520072967697001751839200000000
074600001774245901750113540072967682001177015500000000
074600001303381901750113570072967655001096550800000000
074600001026599001750113510072967661001844750700000000
074600000812847101750475460060639839002115579200000000
074600001031599001750113500072967662008456293500000000
074600000562742601750113560073479670002459683000000000
074600002161771101750113540072967679001480165400000000
074600000760444301750113550072967706002260675500000000
074600001168389801750113590072967668001514156800000000
074600000594492201750475400075648021002621830200000000
074600001988765201750113560072967664000479403800000000
074600001925167501750113540072967665001096508100000000
074600001049121901750113550072967625001176555600000000
074600001289217901750113550072967656001096723300000000
074600001011833401750113570072967624001564428200000000
074600000840943301750113500072967659000757273900000000
074600001826570001750113510072967667001514159200000000
074600000844129101750113530072967660002358673400000000
074600000945971301750514980073281059002055341400000000
074600001143769401750113510072967658002055020400000000
074600001055141501750113520072967649001249522200000000
074600001886202101750113520072967666001070796500000000
074600001131498001750113510072967670001559355000000000
074600001097955401750113590072967671001717747700000000
074600000979241601750113520072967683001177145300000000
074600001031599001750113510072967675001097032400000000
074600000511158901750475450075693830002079779700000000
074600000514493001750475470075850240002470517300000000
074600000979647901750113520010006601001177128000000000
074600000594492201750475450075733677002385146500000000
074600000840943301750113550072967690002352559300000000
074600000846072101750475400075897208002470302300000000
074600000749013201750475440075813604002367544800000000