0175011350007114588220180122000000005311611500035
074600001027143001750113530072967643000958794600000000
074600001549612901750113560072967650000756810500000000
074600001888844801750113510072967644001598204500000000
074600001949358901750113580072967632000368285000000000
074600000952014501750113560072967633001097108800000000
074600001598665301750113510072967636001612217300000000
074600001749383101750113540072967634001815544800000000
074600001071777401750113560072967695000325159400000000
074600001071777401750113580072967646000479458300000000
074600001605527301750113590072967637001713518500000000
074600001604527301750113520072967635001480167800000000
074600001526299801750113540072967648000749882800000000
074600001604527301750113570072967638000752633400000000
074600001559275801750113560072967647001766574400000000
074600001512828801750113510073479690001447903900000000
074600001749383101750113540072967617001514195200000000
074600000874460301750113520072967618000756916300000000
074600001744282101750113510072967619000947127600000000
074600001763553901750113590072967623000950106700000000
074600001647542501750113530072967626001447999100000000
074600001743086701750113510072967627000749991500000000
074600001605527301750113580072967629000752964500000000
074600000816350201750113500072967628001008529500000000
074600001555480101750113510072967622000980616400000000
074600001553759301750113520072967621000795971600000000
074600001513024201750113580072967694001749974300000000
074600001559080401750475470073184113002055382000000000
074600001423723701750113540073479685000382996000000000
074600001050530601750113520072967652000339268200000000
074600002097131501750113550072967639000861483300000000
074600002008586201750113510072967653001096752500000000
074600001604527301750113550072967642001320450700000000
074600001604527301750113540072967651001519033600000000
074600001373671001750451790075893874001061057100000000
074600001556323701750113540076255683001844896700000000