0175011350007114588220170915000000003596855680036
074600001667287401750113520072967697001751839200000000
074600001320860001750113540072967682001177015500000000
074600000937849301750113570072967655001096550800000000
074600000919065301750113510072967661001844750700000000
074600000762398601750475460060639839002115579200000000
074600000924065301750113500072967662008456293500000000
074600000492244401750113560073479670002459683000000000
074600001648668601750113540072967679001480165400000000
074600000924065301750113550072967706002260675500000000
074600001104168601750113590072967668001514156800000000
074600001095335101750475400075648021002621830200000000
074600001330860001750113560072967664000479403800000000
074600001313360001750113540072967665001096508100000000
074600000919516801750113550072967625001176555600000000
074600000723937801750113550072967656001096723300000000
074600001089168601750113570072967624001564428200000000
074600000859099001750113500072967659000757273900000000
074600001320860001750113510072967667001514159200000000
074600000903266001750113530072967660002358673400000000
074600000924065301750514980073281059002055341400000000
074600001031634401750113520072967649001249522200000000
074600001410012601750113520072967666001070796500000000
074600000924065301750113510072967670001559355000000000
074600000919065301750113590072967671001717747700000000
074600000859099001750113520072967683001177145300000000
074600000924065301750113510072967675001097032400000000
074600000780765701750475450075693830002079779700000000
074600000784099801750475470075850240002470517300000000
074600000991599301750113520010006601001177128000000000
074600000957906601750475450075733677002385146500000000
074600000577675801750113550072967690002352559300000000
074600000924065301750475400075897208002470302300000000
074600001018256401750475440075813604002367544800000000
074600000864099001750113570076136909002470388900000000
074600000957906601750113530076144303001480165500000000
074600000864099001750113560076136966002367594600000000