0175011350007114588220170816000000001026522890039
074600000302134301750113530072967643000958794600000000
074600000255155601750113560072967650000756810500000000
074600000294138501750113510072967644001598204500000000
074600000238055201750113500072967645000728975400000000
074600000289406301750113580072967632000368285000000000
074600000277174901750113560072967633001097108800000000
074600000235914001750113590072967699001447928900000000
074600000260651401750113510072967636001612217300000000
074600000276674901750113540072967634001815544800000000
074600000302910701750113560072967695000325159400000000
074600000289406301750113580072967646000479458300000000
074600000251233701750113590072967637001713518500000000
074600000250233701750113520072967635001480167800000000
074600000248233701750113540072967648000749882800000000
074600000241253301750113570072967638000752633400000000
074600000242253301750113560072967647001766574400000000
074600000206331701750113510073479690001447903900000000
074600000283643701750113540072967617001514195200000000
074600000274461601750113520072967618000756916300000000
074600000266194501750113510072967619000947127600000000
074600000269250501750113590072967623000950106700000000
074600000258214201750113530072967626001447999100000000
074600000258714201750113510072967627000749991500000000
074600000242253301750113580072967629000752964500000000
074600000252732001750113500072967628001008529500000000
074600000241253301750113510072967622000980616400000000
074600000255156301750113520072967621000795971600000000
074600000232272801750113580072967694001749974300000000
074600000215312101750475470073184113002055382000000000
074600000230280801750113540073479685000382996000000000
074600000206331701750113510073775283002079556600000000
074600000290406301750113520072967652000339268200000000
074600000308138701750113550072967639000861483300000000
074600000354612301750113590072967640001114064100000000
074600000248233701750113510072967653001096752500000000
074600000324829001750113570072967641001177001600000000
074600000249233701750113550072967642001320450700000000
074600000241253301750113540072967651001519033600000000
074600000301289401750451790075893874001061057100000000