0175011350007114588220180110000000002773284340035
074600000758896601750113530072967643000958794600000000
074600000736989501750113560072967650000756810500000000
074600000846941101750113510072967644001598204500000000
074600000839058301750113580072967632000368285000000000
074600000814927001750113560072967633001097108800000000
074600000945520201750113510072967636001612217300000000
074600000788521601750113540072967634001815544800000000
074600000377682301750113560072967695000325159400000000
074600000374753501750113580072967646000479458300000000
074600000816725801750113590072967637001713518500000000
074600000815725801750113520072967635001480167800000000
074600000737498301750113540072967648000749882800000000
074600000815725801750113570072967638000752633400000000
074600000816992001750113560072967647001766574400000000
074600000910848401750113510073479690001447903900000000
074600000788803201750113540072967617001514195200000000
074600000375818501750113520072967618000756916300000000
074600000813193301750113510072967619000947127600000000
074600000822335101750113590072967623000950106700000000
074600000812862001750113530072967626001447999100000000
074600000908517101750113510072967627000749991500000000
074600000816725801750113580072967629000752964500000000
074600000371943001750113500072967628001008529500000000
074600000813995101750113510072967622000980616400000000
074600000789647801750113520072967621000795971600000000
074600000817258301750113580072967694001749974300000000
074600000910848401750475470073184113002055382000000000
074600000800371901750113540073479685000382996000000000
074600000824270001750113520072967652000339268200000000
074600001098789501750113550072967639000861483300000000
074600001060295901750113510072967653001096752500000000
074600000738018501750113550072967642001320450700000000
074600000815725801750113540072967651001519033600000000
074600001009394401750451790075893874001061057100000000
074600000947223601750113540076255683001844896700000000