0175011350007114588220170915000000001138765100038
074600000262086401750113530072967643000958794600000000
074600000399990201750113560072967650000756810500000000
074600000292148301750113510072967644001598204500000000
074600000268424101750113500072967645000728975400000000
074600000278477801750113580072967632000368285000000000
074600000275291801750113560072967633001097108800000000
074600000261836401750113590072967699001447928900000000
074600000287148301750113510072967636001612217300000000
074600000275291801750113540072967634001815544800000000
074600000291712101750113560072967695000325159400000000
074600000278477801750113580072967646000479458300000000
074600000276291801750113590072967637001713518500000000
074600000275291801750113520072967635001480167800000000
074600000197064301750113540072967648000749882800000000
074600000275291801750113570072967638000752633400000000
074600000276291801750113560072967647001766574400000000
074600000276291801750113510073479690001447903900000000
074600000291148301750113540072967617001514195200000000
074600000291712101750113520072967618000756916300000000
074600000273291801750113510072967619000947127600000000
074600000276477801750113590072967623000950106700000000
074600000425162401750113530072967626001447999100000000
074600000275291801750113510072967627000749991500000000
074600000276291801750113580072967629000752964500000000
074600000288526101750113500072967628001008529500000000
074600000463880201750113510072967622000980616400000000
074600000291148301750113520072967621000795971600000000
074600000276291801750113580072967694001749974300000000
074600000276291801750475470073184113002055382000000000
074600000295517201750113540073479685000382996000000000
074600000276291801750113510073775283002079556600000000
074600000279477801750113520072967652000339268200000000
074600000548654201750113550072967639000861483300000000
074600000273291801750113510072967653001096752500000000
074600000299663101750113570072967641001177001600000000
074600000275291801750113550072967642001320450700000000
074600000275291801750113540072967651001519033600000000
074600000411249001750451790075893874001061057100000000