0175011350007114588220170915000000002811747010036
074600000768117601750113530072967643000958794600000000
074600000562723001750113560072967650000756810500000000
074600000939886801750113510072967644001598204500000000
074600000928125901750113580072967632000368285000000000
074600000824420401750113560072967633001097108800000000
074600000955228501750113510072967636001612217300000000
074600000797742601750113540072967634001815544800000000
074600000374753501750113560072967695000325159400000000
074600000374753501750113580072967646000479458300000000
074600000826219201750113590072967637001713518500000000
074600000825219201750113520072967635001480167800000000
074600000746991701750113540072967648000749882800000000
074600000825485401750113570072967638000752633400000000
074600000826485401750113560072967647001766574400000000
074600000921646701750113510073479690001447903900000000
074600000798024201750113540072967617001514195200000000
074600000375818501750113520072967618000756916300000000
074600000822686701750113510072967619000947127600000000
074600000831828501750113590072967623000950106700000000
074600000351874701750113530072967626001447999100000000
074600000919049101750113510072967627000749991500000000
074600000826219201750113580072967629000752964500000000
074600000371943001750113500072967628001008529500000000
074600000823488501750113510072967622000980616400000000
074600000798868801750113520072967621000795971600000000
074600000826751701750113580072967694001749974300000000
074600000921380401750475470073184113002055382000000000
074600000809592901750113540073479685000382996000000000
074600000827284201750113510073775283002079556600000000
074600000833763401750113520072967652000339268200000000
074600001072758701750113550072967639000861483300000000
074600001109262701750113510072967653001096752500000000
074600000825219201750113550072967642001320450700000000
074600000621344101750113540072967651001519033600000000
074600000860787101750451790075893874001061057100000000
074600000991725101750113540076255683001844896700000000