017501135000711458822018021000000001858182050035
074600000484841301750113530072967643000958794600000000
074600000752247601750113560072967650000756810500000000
074600000507066401750113510072967644001598204500000000
074600000482946901750113580072967632000368285000000000
074600000485771101750113560072967633001097108800000000
074600000505104801750113510072967636001612217300000000
074600000508316401750113540072967634001815544800000000
074600000525054801750113560072967695000325159400000000
074600000525054801750113580072967646000479458300000000
074600000481139401750113590072967637001713518500000000
074600000480139401750113520072967635001480167800000000
074600000402284601750113540072967648000749882800000000
074600000480512101750113570072967638000752633400000000
074600000481884901750113560072967647001766574400000000
074600000481503201750113510073479690001447903900000000
074600000508316401750113540072967617001514195200000000
074600000526173101750113520072967618000756916300000000
074600000480393801750113510072967619000947127600000000
074600000486192401750113590072967623000950106700000000
074600000756648801750113530072967626001447999100000000
074600000478639401750113510072967627000749991500000000
074600000481512101750113580072967629000752964500000000
074600000521120001750113500072967628001008529500000000
074600000827771801750113510072967622000980616400000000
074600000509893101750113520072967621000795971600000000
074600000481884901750113580072967694001749974300000000
074600000481130401750475470073184113002055382000000000
074600000518206901750113540073479685000382996000000000
074600000491824001750113520072967652000339268200000000
074600000725448001750113550072967639000861483300000000
074600000533705701750113510072967653001096752500000000
074600000480139401750113550072967642001320450700000000
074600000480512101750113540072967651001519033600000000
074600000699038701750451790075893874001061057100000000
074600000529401801750113540076255683001844896700000000