017501135000711458822018018000000001670934910035
074600000484841201750113530072967643000958794600000000
074600000462821501750113560072967650000756810500000000
074600000514566401750113510072967644001598204500000000
074600000490446901750113580072967632000368285000000000
074600000486143801750113560072967633001097108800000000
074600000511873901750113510072967636001612217300000000
074600000514691401750113540072967634001815544800000000
074600000525054801750113560072967695000325159400000000
074600000494946901750113580072967646000479458300000000
074600000488262101750113590072967637001713518500000000
074600000487262101750113520072967635001480167800000000
074600000409034601750113540072967648000749882800000000
074600000487262101750113570072967638000752633400000000
074600000488634901750113560072967647001766574400000000
074600000489003201750113510073479690001447903900000000
074600000514691401750113540072967617001514195200000000
074600000526545901750113520072967618000756916300000000
074600000484143801750113510072967619000947127600000000
074600000489942401750113590072967623000950106700000000
074600000483652801750113530072967626001447999100000000
074600000486139401750113510072967627000749991500000000
074600000488262101750113580072967629000752964500000000
074600000521120001750113500072967628001008529500000000
074600000484839201750113510072967622000980616400000000
074600000516268101750113520072967621000795971600000000
074600000489007701750113580072967694001749974300000000
074600000489003201750475470073184113002055382000000000
074600000524581901750113540073479685000382996000000000
074600000491824101750113520072967652000339268200000000
074600000485021101750113550072967639000861483300000000
074600000484139401750113510072967653001096752500000000
074600000487262101750113550072967642001320450700000000
074600000487262101750113540072967651001519033600000000
074600000490498701750451790075893874001061057100000000
074600000-49702101750113540076255683001844896700000000