0175011350007114588220180110000000002014183090035
074600000534893201750113530072967643000958794600000000
074600000512873501750113560072967650000756810500000000
074600000564618401750113510072967644001598204500000000
074600000537782201750113580072967632000368285000000000
074600000533479101750113560072967633001097108800000000
074600000561925901750113510072967636001612217300000000
074600000564743401750113540072967634001815544800000000
074600000572390101750113560072967695000325159400000000
074600000572390101750113580072967646000479458300000000
074600000535597401750113590072967637001713518500000000
074600000456890401750113520072967635001480167800000000
074600000456369901750113540072967648000749882800000000
074600000534597401750113570072967638000752633400000000
074600000535970201750113560072967647001766574400000000
074600000536338501750113510073479690001447903900000000
074600000564743401750113540072967617001514195200000000
074600000573881201750113520072967618000756916300000000
074600000561479101750113510072967619000947127600000000
074600000567277701750113590072967623000950106700000000
074600000530988101750113530072967626001447999100000000
074600000533474701750113510072967627000749991500000000
074600000535597401750113580072967629000752964500000000
074600000568455301750113500072967628001008529500000000
074600000532174501750113510072967622000980616400000000
074600000566320101750113520072967621000795971600000000
074600000536343001750113580072967694001749974300000000
074600000536338501750475470073184113002055382000000000
074600000574633901750113540073479685000382996000000000
074600000539159401750113520072967652000339268200000000
074600000696347701750113550072967639000861483300000000
074600000980576501750113510072967653001096752500000000
074600000534597401750113550072967642001320450700000000
074600000534597401750113540072967651001519033600000000
074600000884478001750451790075893874001061057100000000
074600000779507901750113540076255683001844896700000000