0175011350007114588220180115000000011301419390035
074600004044303401750113540072967682001177015500000000
074600003083686101750113570072967655001096550800000000
074600002958015301750113510072967661001844750700000000
074600002803887401750475460060639839002115579200000000
074600002962861601750113500072967662008456293500000000
074600002802588101750113560073479670002459683000000000
074600005486396301750113540072967679001480165400000000
074600002970054801750113550072967706002260675500000000
074600003418955101750113590072967668001514156800000000
074600004038153001750113560072967664000479403800000000
074600004021653001750113540072967665001096508100000000
074600003072348601750113550072967625001176555600000000
074600003152868701750113550072967656001096723300000000
074600003409152101750113570072967624001564428200000000
074600002843077701750113500072967659000757273900000000
074600003971886501750113510072967667001514159200000000
074600003969270901750113530072967660002358673400000000
074600002964554101750514980073281059002055341400000000
074600003234938301750113520072967649001249522200000000
074600004284709601750113520072967666001070796500000000
074600002956745901750113590072967671001717747700000000
074600002838977301750113520072967683001177145300000000
074600002962015301750113510072967675001097032400000000
074600002771199801750475450075693830002079779700000000
074600002894440701750475470075850240002470517300000000
074600003147628101750113520010006601001177128000000000
074600003039148501750475450075733677002385146500000000
074600003027693101750113550072967690002352559300000000
074600002969362301750475400075897208002470302300000000
074600002855533101750475440075813604002367544800000000
074600002855533101750113570076136909002470388900000000
074600003040148501750113530076144303001480165500000000
074600002337512501750113560076136966002367594600000000
07460000296936230000000002115823900000000
07460000285553310001994448900000000