0175011350007114588220170915000000001973922860038
074600000543228701750113530072967643000958794600000000
074600000365072301750113560072967650000756810500000000
074600000521113601750113510072967644001598204500000000
074600000326176301750113500072967645000728975400000000
074600000547364701750113580072967632000368285000000000
074600000491829701750113560072967633001097108800000000
074600000553773501750113590072967699001447928900000000
074600000657350901750113510072967636001612217300000000
074600000520113601750113540072967634001815544800000000
074600000579505101750113560072967695000325159400000000
074600000547364701750113580072967646000479458300000000
074600000418812201750113590072967637001713518500000000
074600000417812201750113520072967635001480167800000000
074600000339584701750113540072967648000749882800000000
074600000393139801750113570072967638000752633400000000
074600000394139801750113560072967647001766574400000000
074600000295449901750113510073479690001447903900000000
074600000713527601750113540072967617001514195200000000
074600000474051001750113520072967618000756916300000000
074600000672746501750113510072967619000947127600000000
074600000680267801750113590072967623000950106700000000
074600000441484801750113530072967626001447999100000000
074600000650074101750113510072967627000749991500000000
074600000601729101750113580072967629000752964500000000
074600000416772401750113500072967628001008529500000000
074600000600729101750113510072967622000980616400000000
074600000635262401750113520072967621000795971600000000
074600000577056501750113580072967694001749974300000000
074600000527711501750475470073184113002055382000000000
074600000564217501750113540073479685000382996000000000
074600000527711501750113510073775283002079556600000000
074600000573310301750113520072967652000339268200000000
074600000632922501750113550072967639000861483300000000
074600000666437701750113510072967653001096752500000000
074600000417812201750113550072967642001320450700000000
074600000417812201750113540072967651001519033600000000
074600000486347201750451790075893874001061057100000000
074600000549413001750113540076255683001844896700000000