0175011350007114588220170701000000000013969780030

0746000000075939123123123000017518392

0746000000059748123123123000011770155

0746000000042464123123123000010965508

0746000000034075123123123000018447507

0746000000114172123123123123123000008023489

0746000000035951123123123123000023525593

0746000000038924123123123121123000021155792

0746000000039024123123123123000084562935

074600000003407512312312312321000024596830

0746000000059648123123123000014801654

0746000000034075123123123000016333540

0746000000039024123123123000022606755

0746000000042464123123123000009587946

0746000000043403123123123000015141568

0746000000033975123123123000026218302

0746000000059748123123123000004794038

0746000000059648123123123000010965081

0746000000042464123123123000011765556

074600000004246412312312000010967233

0746000000042464123123123000015644282

0746000000034075123123123000007572739

0746000000039024123123123000018630002

0746000000059748123123123000015141592

0746000000039024123123123000023586734

0746000000039024123123123000020553414

0746000000039124123123123000020550204

0746000000060786123123123000010707965

0746000000039124123123123000015593550

0746000000039124123123123000017177477

0746000000034175123123123000011771453
