0175011350007114588220170701000000000018898560034

074600000008089001750113520072967697000017518392

074600000008099001750113540072967682000011770155

074600000005525701750113570072967655000010965508

074600000005143401750113510072967661000018447507

074600000005168401750475460060639839000021155792

074600000005193401750113500072967662000084562935

074600000005193401750113560073479670000024596830

074600000010369101750113540072967679000014801654

074600000004724301750113550072967706000022606755

074600000005863401750113590072967668000015141568

074600000006716301750475400075648021000026218302

074600000008099001750113560072967664000004794038

074600000007924001750113540072967665000010965081

074600000005175701750113550072967625000011765556

074600000005473501750113550072967656000010967233

074600000005713401750113570072967624000015644282

074600000004674801750113500072967659000007572739

074600000007999001750113510072967667000015141592

074600000005625701750113530072967660000023586734

074600000005193401750514980073281059000020553414

074600000005173401750113510072967658000020550204

074600000005331001750113520072967649000012495222

074600000008256601750113520072967666000010707965

074600000005193401750113510072967670000015593550

074600000005143401750113590072967671000017177477

074600000004674801750113520072967683000011771453

074600000005193401750113510072967675000010970324

074600000004724801750475450075693830000020797797

074600000004724801750475470075850240000024705173

074600000005675701750113520010006601000011771280

074600000004818601750475450075733677000023851465

074600000004112001750113550072967690000023525593
