01750113500071145882201707170000000-1224160420040

0746000000016360123123123000007568105

0746000000018827123123123000015982045

0746000000013894123123123000007289754

0746000000023144123123123123000003682850

0746000000018827123123123000010971088

0746000000015912123123123000014479289

0746000000017969123123123000016122173

0746000000018927123123123000003682850

0746000000019544123123123000003251594

0746000000020161123123123000004794583

0746000000016977123123123000017135185

0746000000016977123123123000014801678

0746000000016977123123123000007498828

0746000000016460123123123000012495222

0746000000016460123123123000007526334

0746000000016360123123123000010971549

0746000000016460123123123000017665744

0746000000014610123123123000014479039

0746000000019373123123123000015141952

0746000000017694123123123000007569163

0746000000018310123123123000009471276

0746000000018310123123123000009471276

0746000000017694123123123000014479991

0746000000017694123123123000007499915

0746000000016460123123123000007529645

0746000000016460123123123000010085295

0746000000016460123123123000009806164

0746000000017417123123123000007959716

0746000000015844123123123000017499743

0746000000014610123123123000020553820

0746000000014610123123123000003829960

0746000000013994123123123000020795566

0746000000028794123123123000003392682

0746000000019544123123123000008614833

0746000000017694123123123000011140641

0746000000017077123123123000010967525

0746000000016460123123123000011770016

074600-123108929123123123000010966578

0746000000016785123123123000020508090

0746000000013377123123123000013931432

0746000000013377123123123000019005469
