0175011350007114588220170716000000000023170790035

074600000010527701750113520072967697000017518392

074600000010790001750113540072967682000011770155

074600000007812601750113570072967655000010965508

074600000006674701750113510072967661000018447507

074600000006499701750475460060639839000021155792

074600000006724701750113500072967662000084562935

074600000004924401750113560073479670000024596830

074600000014082101750113540072967679000014801654

074600000005024401750113550072967706000022606755

074600000007521601750113590072967668000015141568

074600000003534901750475400075648021000026218302

074600000011658501750113560072967664000004794038

074600000011493501750113540072967665000010965081

074600000005809001750113550072967625000011765556

074600000007912601750113550072967656000010967233

074600000006048801750113570072967624000015644282

074600000004993101750113500072967659000007572739

074600000010968501750113510072967667000015141592

074600000005818101750113530072967660000023586734

074600000006424701750514980073281059000020553414

074600000007104801750113510072967658000020550204

074600000006774801750113520072967649000012495222

074600000011153901750113520072967666000010707965

074600000006924801750113510072967670000015593550

074600000006774801750113590072967671000017177477

074600000006138601750113520072967683000011771453

074600000006724701750113510072967675000010970324

074600000004162001750475450075693830000020797797

074600000004162001750475470075850240000024705173

074600000006860201750113520010006601000011771280

074600000004162001750475450075733677000023851465

074600000005521801750113550072967690000023525593
