0175011350007114588220170703000000000007460140040

0746000000017810123123123000007568105

0746000000017810123123123000015982045

0746000000017810123123123000007289754

0746000000017810123123123123000003682850

0746000000017810123123123000010971088

0746000000019418123123123000014479289

0746000000019518123123123000016122173

0746000000017910123123123000003682850

0746000000017910123123123000003251594

0746000000017910123123123000004794583

0746000000017810123123123000017135185

0746000000017810123123123000014801678

0746000000017810123123123000007498828

0746000000017910123123123000012495222

0746000000019786123123123000007526334

0746000000017810123123123000010971549

0746000000017910123123123000017665744

0746000000017910123123123000014479039

0746000000019618123123123000015141952

0746000000017910123123123000007569163

0746000000017910123123123000009471276

0746000000017910123123123000009471276

0746000000017910123123123000014479991

0746000000017910123123123000007499915

0746000000017910123123123000007529645

0746000000017910123123123000010085295

0746000000017910123123123000009806164

0746000000019618123123123000007959716

0746000000017910123123123000017499743

0746000000017910123123123000020553820

0746000000017910123123123000003829960

0746000000017910123123123000020795566

0746000000017910123123123000003392682

0746000000017910123123123000008614833

0746000000017910123123123000011140641

0746000000017910123123123000010967525

0746000000017910123123123000011770016

0746000000017810123123123000010966578

0746000000022216123123123000020508090

0746000000017910123123123000013931432

0746000000017910123123123000019005469
